│д╢╚ m	0бу	30бу	60бу	90бу	120бу	150бу	180бу	

[	q = 141120	]
0	0.33368	0.34177	0.36522	0.40045	0.43936	0.47018	0.48195	
0.0849643	0.3079	0.31562	0.33808	0.37197	0.40957	0.43945	0.45088	
0.169927	0.28061	0.28797	0.30943	0.34192	0.3781	0.40692	0.41796	
0.254891	0.25437	0.26135	0.28179	0.31288	0.34765	0.37543	0.38609	
0.339854	0.22382	0.23037	0.2496	0.27903	0.31211	0.33864	0.34884	
0.424818	0.19466	0.20076	0.21876	0.24651	0.2779	0.30318	0.31293	
0.509781	0.16663	0.17228	0.18903	0.21507	0.24475	0.26879	0.27807	
0.594745	0.13968	0.14487	0.16037	0.18469	0.21264	0.2354	0.24422	
0.679708	0.11382	0.11854	0.13278	0.15536	0.18156	0.20305	0.21139	
0.764672	0.09336	0.09766	0.11073	0.13173	0.15637	0.17671	0.18465	
0.849634	0.09306	0.09712	0.10959	0.12988	0.15391	0.17387	0.18168	
0.934599	0.09147	0.09534	0.10731	0.12697	0.15045	0.17007	0.17776	
1.01956	0.08902	0.09272	0.10425	0.12336	0.14634	0.16562	0.1732	
1.10453	0.08599	0.08954	0.10068	0.11928	0.14179	0.16075	0.16821	
1.18949	0.08257	0.08599	0.09676	0.11488	0.13694	0.15559	0.16294	
1.27445	0.07908	0.08236	0.0928	0.11047	0.1321	0.15045	0.15769	
1.35942	0.07582	0.07899	0.08911	0.10637	0.1276	0.14567	0.15281	
1.44438	0.07241	0.07548	0.0853	0.10216	0.12301	0.14079	0.14784	
1.52934	0.06892	0.07188	0.08141	0.09789	0.11835	0.13586	0.14281	
1.61431	0.06537	0.06822	0.07748	0.09358	0.11367	0.13091	0.13775	
1.69927	0.06179	0.06454	0.07352	0.08925	0.10897	0.12594	0.13269	
1.78423	0.05808	0.06073	0.06944	0.08479	0.10414	0.12084	0.12749	
1.8692	0.05419	0.05675	0.06518	0.08016	0.09913	0.11555	0.1221	
1.95416	0.05034	0.0528	0.06096	0.07557	0.09416	0.11031	0.11675	
2.03912	0.04653	0.04888	0.05678	0.07101	0.08923	0.1051	0.11144	
2.12409	0.04275	0.04501	0.05263	0.0665	0.08435	0.09993	0.10617	
2.20905	0.03902	0.04118	0.04854	0.06203	0.0795	0.09482	0.10095	
2.29401	0.03596	0.03803	0.04513	0.05827	0.07539	0.09045	0.09649	
2.37898	0.03349	0.03546	0.04232	0.05514	0.07193	0.08675	0.09271	
2.46394	0.03099	0.03288	0.0395	0.05199	0.06847	0.08306	0.08893	
2.5489	0.02848	0.03029	0.03668	0.04885	0.06501	0.07937	0.08516	
2.63387	0.02597	0.02769	0.03385	0.04571	0.06156	0.07569	0.08139	
2.71883	0.02346	0.0251	0.03103	0.04259	0.05813	0.07203	0.07765	
2.80379	0.02062	0.02217	0.02788	0.03912	0.05434	0.068	0.07354	
2.88876	0.01761	0.01908	0.02455	0.03548	0.05037	0.0638	0.06925	
2.97372	0.01464	0.01602	0.02127	0.03188	0.04645	0.05964	0.065	
3.05868	0.0117	0.01301	0.01803	0.02832	0.04258	0.05552	0.06079	
3.14365	0.00881	0.01004	0.01483	0.02481	0.03874	0.05145	0.05663	
3.22861	0.00596	0.00711	0.01168	0.02134	0.03495	0.04742	0.05251	
3.31358	7e-005	0.00113	0.00544	0.01472	0.02792	0.04006	0.04503	
3.39854	-0.00659	-0.00564	-0.0016	0.00726	0.02	0.03179	0.03662	
3.4835	-0.013	-0.01214	-0.0084	4e-005	0.01232	0.02375	0.02844	
3.56846	-0.01916	-0.01841	-0.01496	-0.00695	0.00487	0.01593	0.02049	
3.65343	-0.0251	-0.02445	-0.0213	-0.01372	-0.00238	0.00832	0.01274	
3.73839	-0.03083	-0.03029	-0.02743	-0.02029	-0.00942	0.00091	0.0052	
3.82336	-0.03324	-0.03279	-0.03021	-0.02345	-0.01296	-0.00291	0.00127	
3.90832	-0.03514	-0.03479	-0.03247	-0.02607	-0.01594	-0.00616	-0.00208	
3.99328	-0.03704	-0.03679	-0.03472	-0.02867	-0.0189	-0.00938	-0.0054	
4.07825	-0.03894	-0.03877	-0.03696	-0.03125	-0.02183	-0.01257	-0.00868	
4.16321	-0.04083	-0.04075	-0.03918	-0.03381	-0.02472	-0.01572	-0.01193	
4.24817	-0.04271	-0.04271	-0.04138	-0.03634	-0.02759	-0.01883	-0.01513	
4.33314	-0.04457	-0.04466	-0.04355	-0.03883	-0.03041	-0.0219	-0.01829	
4.4181	-0.04641	-0.04658	-0.0457	-0.0413	-0.0332	-0.02493	-0.02141	
4.50306	-0.04823	-0.04849	-0.04782	-0.04373	-0.03595	-0.02791	-0.02448	
4.58803	-0.05003	-0.05036	-0.04991	-0.04612	-0.03865	-0.03085	-0.0275	
4.67299	-0.05181	-0.05221	-0.05197	-0.04847	-0.0413	-0.03373	-0.03047	
4.75795	-0.05356	-0.05403	-0.054	-0.05078	-0.04391	-0.03656	-0.03338	
4.84292	-0.05527	-0.05582	-0.05598	-0.05305	-0.04647	-0.03934	-0.03624	
4.92788	-0.05696	-0.05757	-0.05793	-0.05527	-0.04897	-0.04206	-0.03905	
5.01284	-0.05778	-0.05847	-0.05901	-0.05661	-0.05059	-0.04388	-0.04094	
5.09781	-0.05403	-0.05479	-0.05553	-0.05336	-0.04752	-0.04093	-0.03802	
5.18277	-0.0504	-0.05124	-0.05215	-0.0502	-0.04454	-0.03805	-0.03518	
5.26774	-0.04689	-0.04779	-0.04888	-0.04713	-0.04164	-0.03525	-0.03241	
5.3527	-0.04349	-0.04446	-0.04571	-0.04416	-0.03883	-0.03253	-0.02972	
5.43766	-0.04021	-0.04123	-0.04264	-0.04127	-0.03609	-0.02989	-0.02711	
5.52263	-0.03703	-0.03812	-0.03968	-0.03848	-0.03344	-0.02732	-0.02456	
5.60759	-0.03396	-0.0351	-0.0368	-0.03577	-0.03086	-0.02482	-0.02208	
5.69255	-0.031	-0.03219	-0.03403	-0.03315	-0.02837	-0.02239	-0.01968	
5.77752	-0.02814	-0.02938	-0.03134	-0.03061	-0.02594	-0.02003	-0.01734	
5.86248	-0.02538	-0.02667	-0.02875	-0.02815	-0.02359	-0.01774	-0.01507	
5.94744	-0.02272	-0.02406	-0.02625	-0.02578	-0.02131	-0.01552	-0.01286	
6.03241	-0.02016	-0.02154	-0.02383	-0.02348	-0.01911	-0.01336	-0.01072	
6.11737	-0.01769	-0.01911	-0.0215	-0.02125	-0.01697	-0.01126	-0.00863	
6.20233	-0.01531	-0.01677	-0.01925	-0.01911	-0.0149	-0.00923	-0.00661	
6.2873	-0.01303	-0.01451	-0.01708	-0.01703	-0.01289	-0.00726	-0.00465	
6.37226	-0.01225	-0.01377	-0.0164	-0.01644	-0.01238	-0.0068	-0.0042	
6.45722	-0.01468	-0.01621	-0.0189	-0.01903	-0.01507	-0.00958	-0.00702	
6.54219	-0.01716	-0.01871	-0.02145	-0.02167	-0.01782	-0.01242	-0.00991	
6.62715	-0.01953	-0.02109	-0.02389	-0.02421	-0.02048	-0.01518	-0.0127	
6.71211	-0.02179	-0.02338	-0.02624	-0.02665	-0.02304	-0.01784	-0.0154	
6.79708	-0.02396	-0.02556	-0.02849	-0.02901	-0.02552	-0.02043	-0.01803	
6.88204	-0.02602	-0.02765	-0.03064	-0.03128	-0.02792	-0.02293	-0.02057	
6.967	-0.028	-0.02965	-0.03272	-0.03346	-0.03024	-0.02536	-0.02304	
7.05197	-0.02989	-0.03157	-0.03471	-0.03557	-0.03248	-0.02772	-0.02544	
7.13693	-0.03169	-0.03339	-0.03661	-0.0376	-0.03466	-0.03	-0.02777	
7.22189	-0.03341	-0.03514	-0.03844	-0.03956	-0.03676	-0.03222	-0.03004	
7.30686	-0.03505	-0.03681	-0.0402	-0.04145	-0.0388	-0.03438	-0.03224	
7.39182	-0.03661	-0.03841	-0.04189	-0.04327	-0.04077	-0.03647	-0.03438	
7.47679	-0.03811	-0.03993	-0.0435	-0.04503	-0.04268	-0.03851	-0.03646	
7.56175	-0.03953	-0.04139	-0.04505	-0.04672	-0.04453	-0.04048	-0.03848	
7.64671	-0.04088	-0.04277	-0.04654	-0.04835	-0.04632	-0.0424	-0.04045	
7.73167	-0.04217	-0.04409	-0.04796	-0.04993	-0.04806	-0.04427	-0.04237	
7.81664	-0.04339	-0.04535	-0.04932	-0.05144	-0.04975	-0.04608	-0.04423	
7.9016	-0.04455	-0.04655	-0.05063	-0.0529	-0.05138	-0.04785	-0.04605	
7.98657	-0.04564	-0.04769	-0.05187	-0.05431	-0.05296	-0.04956	-0.04781	
8.07153	-0.04668	-0.04876	-0.05306	-0.05566	-0.05449	-0.05123	-0.04953	
8.15649	-0.04766	-0.04978	-0.0542	-0.05697	-0.05597	-0.05285	-0.0512	
8.24146	-0.04859	-0.05075	-0.05528	-0.05822	-0.0574	-0.05442	-0.05283	
8.32642	-0.0381	-0.04037	-0.04514	-0.04832	-0.04766	-0.04472	-0.04313	
8.41138	-0.02486	-0.02723	-0.03225	-0.03566	-0.0351	-0.03216	-0.03056	
8.49635	-0.01181	-0.01428	-0.01951	-0.0231	-0.0226	-0.01963	-0.018	
8.58131	0.001	-0.00155	-0.00695	-0.01068	-0.01019	-0.00716	-0.00548	
8.66627	0.01354	0.01093	0.00538	0.00157	0.00209	0.00522	0.00695	
8.75124	0.02579	0.02312	0.01748	0.01362	0.01422	0.01748	0.01927	
8.8362	0.03769	0.03499	0.02928	0.02544	0.02617	0.0296	0.03146	
8.92116	0.0492	0.04648	0.04076	0.037	0.03792	0.04156	0.04352	
9.00613	0.06028	0.05756	0.05189	0.04829	0.04947	0.05336	0.05542	
9.09109	0.0709	0.06822	0.06266	0.05929	0.06079	0.06499	0.06718	
9.17605	0.08106	0.07842	0.07304	0.06998	0.0719	0.07645	0.07879	
9.26102	0.09073	0.08817	0.08303	0.08038	0.08279	0.08776	0.09025	
9.34598	0.09993	0.09747	0.09265	0.09049	0.09347	0.09891	0.10158	
9.43095	0.10866	0.10634	0.10189	0.10033	0.10397	0.10992	0.1128	
9.51591	0.11694	0.11478	0.1108	0.10991	0.11429	0.12083	0.12392	
9.60087	0.12481	0.12283	0.11938	0.11927	0.12447	0.13164	0.13498	
9.68583	0.13229	0.13053	0.12769	0.12843	0.13453	0.14239	0.14598	
9.7708	0.13945	0.13793	0.13575	0.13744	0.14452	0.15311	0.15698	
9.85576	0.14633	0.14507	0.14363	0.14634	0.15446	0.16384	0.16799	
9.94073	0.15298	0.15201	0.15136	0.15517	0.1644	0.1746	0.17905	
10.0257	0.15947	0.15882	0.15901	0.16398	0.17438	0.18543	0.1902	
10.1107	0.16587	0.16554	0.16663	0.17281	0.18443	0.19637	0.20147	
10.1956	0.17223	0.17225	0.17427	0.18172	0.19459	0.20745	0.21288	
10.2806	0.17863	0.179	0.18199	0.19075	0.20491	0.21871	0.22448	
10.3655	0.09733	0.10053	0.11081	0.12846	0.15028	0.1689	0.17627	
10.4505	0.08934	0.09249	0.10261	0.12	0.14151	0.15986	0.16713	
10.5355	0.0817	0.0848	0.09474	0.11184	0.13301	0.15109	0.15825	
10.6204	0.07438	0.07741	0.08716	0.10395	0.12477	0.14256	0.14961	
10.7054	0.06734	0.0703	0.07983	0.0963	0.11675	0.13425	0.14118	
10.7904	0.06055	0.06343	0.07273	0.08886	0.10893	0.12613	0.13295	
10.8753	0.05399	0.05678	0.06584	0.08161	0.1013	0.11819	0.1249	
10.9603	0.04763	0.05033	0.05914	0.07455	0.09384	0.11043	0.11702	
11.0453	0.04146	0.04407	0.05262	0.06765	0.08654	0.10281	0.10929	
11.1302	0.03545	0.03797	0.04626	0.06091	0.07939	0.09535	0.1017	
11.2152	0.02961	0.03204	0.04006	0.05431	0.07238	0.08802	0.09426	
11.3001	0.02392	0.02625	0.03399	0.04785	0.0655	0.08082	0.08694	
11.3851	0.01836	0.02059	0.02806	0.04152	0.05875	0.07375	0.07975	
11.4701	0.01294	0.01507	0.02225	0.03532	0.05212	0.06681	0.07268	
11.555	0.00764	0.00967	0.01657	0.02923	0.04562	0.05998	0.06573	
11.64	0.00245	0.00438	0.011	0.02326	0.03922	0.05326	0.05889	
11.725	-0.00262	-0.00079	0.00555	0.0174	0.03294	0.04666	0.05217	
11.8099	-0.00758	-0.00586	0.0002	0.01165	0.02677	0.04016	0.04555	
11.8949	-0.01244	-0.01082	-0.00505	0.006	0.0207	0.03377	0.03905	
11.9798	-0.0172	-0.01568	-0.01019	0.00046	0.01474	0.02749	0.03265	
12.0648	-0.02187	-0.02044	-0.01523	-0.00498	0.00888	0.02132	0.02635	
12.1498	-0.02644	-0.02511	-0.02018	-0.01033	0.00312	0.01524	0.02016	
12.2347	-0.03092	-0.02969	-0.02503	-0.01557	-0.00253	0.00928	0.01408	
12.3197	-0.03531	-0.03418	-0.02979	-0.02072	-0.00809	0.00341	0.0081	
12.4047	-0.03961	-0.03858	-0.03446	-0.02577	-0.01354	-0.00235	0.00222	
12.4896	-0.04383	-0.04289	-0.03904	-0.03073	-0.0189	-0.00802	-0.00356	
12.5746	-0.04797	-0.04712	-0.04353	-0.03559	-0.02416	-0.01358	-0.00923	
12.6596	-0.05202	-0.05127	-0.04793	-0.04036	-0.02932	-0.01903	-0.0148	
12.7445	-0.056	-0.05533	-0.05224	-0.04504	-0.03438	-0.02439	-0.02027	
12.8295	-0.0599	-0.05932	-0.05647	-0.04962	-0.03934	-0.02964	-0.02563	
12.9144	-0.06372	-0.06322	-0.06062	-0.05412	-0.04421	-0.03479	-0.03089	
12.9994	-0.06746	-0.06705	-0.06468	-0.05852	-0.04897	-0.03984	-0.03604	
13.0844	-0.07113	-0.0708	-0.06866	-0.06283	-0.05364	-0.04478	-0.04109	
13.1693	-0.07473	-0.07447	-0.07256	-0.06705	-0.05821	-0.04962	-0.04603	
13.2543	-0.07825	-0.07807	-0.07637	-0.07118	-0.06268	-0.05436	-0.05087	
13.3393	-0.0817	-0.08159	-0.0801	-0.07522	-0.06705	-0.05899	-0.0556	
13.4242	-0.08507	-0.08504	-0.08375	-0.07917	-0.07133	-0.06353	-0.06024	
13.5092	-0.08837	-0.0884	-0.08732	-0.08303	-0.07552	-0.06797	-0.06477	
13.5942	-0.09158	-0.09169	-0.0908	-0.08681	-0.07961	-0.07231	-0.06921	
13.6791	-0.09472	-0.09489	-0.0942	-0.0905	-0.08361	-0.07656	-0.07355	
13.7641	-0.09778	-0.09802	-0.09752	-0.0941	-0.08753	-0.08072	-0.0778	
13.849	-0.10077	-0.10107	-0.10076	-0.09762	-0.09135	-0.08479	-0.08196	
13.934	-0.10368	-0.10404	-0.10392	-0.10106	-0.0951	-0.08877	-0.08603	
14.019	-0.10651	-0.10694	-0.107	-0.10441	-0.09875	-0.09266	-0.09002	
14.1039	-0.10926	-0.10976	-0.11	-0.10769	-0.10233	-0.09647	-0.09391	
14.1889	-0.11194	-0.1125	-0.11293	-0.11088	-0.10582	-0.10019	-0.09773	
14.2739	-0.11455	-0.11517	-0.11578	-0.114	-0.10923	-0.10383	-0.10146	
14.3588	-0.11362	-0.11431	-0.1151	-0.11357	-0.10904	-0.10381	-0.10149	
14.4438	-0.1091	-0.10986	-0.11084	-0.10954	-0.10518	-0.10006	-0.09778	
14.5288	-0.10462	-0.10547	-0.10663	-0.10554	-0.10136	-0.09634	-0.09409	
14.6137	-0.1002	-0.10111	-0.10246	-0.10158	-0.09757	-0.09264	-0.09042	
14.6987	-0.09583	-0.09681	-0.09833	-0.09766	-0.09381	-0.08898	-0.08678	
14.7836	-0.09151	-0.09256	-0.09426	-0.09378	-0.09009	-0.08534	-0.08318	
14.8686	-0.08725	-0.08837	-0.09023	-0.08994	-0.0864	-0.08174	-0.0796	
14.9536	-0.08304	-0.08422	-0.08624	-0.08615	-0.08275	-0.07817	-0.07605	
15.0385	-0.07889	-0.08014	-0.08231	-0.0824	-0.07914	-0.07463	-0.07254	
15.1235	-0.0748	-0.07611	-0.07844	-0.07869	-0.07556	-0.07113	-0.06906	
15.2085	-0.07077	-0.07214	-0.07461	-0.07503	-0.07203	-0.06767	-0.06561	
15.2934	-0.06681	-0.06823	-0.07084	-0.07142	-0.06854	-0.06424	-0.0622	
15.3784	-0.0629	-0.06438	-0.06713	-0.06785	-0.06509	-0.06085	-0.05883	
15.4633	-0.05906	-0.06059	-0.06347	-0.06434	-0.06168	-0.05749	-0.05549	
15.5483	-0.05529	-0.05687	-0.05987	-0.06088	-0.05832	-0.05418	-0.05219	
15.6333	-0.05158	-0.05321	-0.05632	-0.05746	-0.055	-0.0509	-0.04892	
15.7182	-0.04794	-0.04961	-0.05284	-0.0541	-0.05172	-0.04767	-0.0457	
15.8032	-0.04437	-0.04608	-0.04942	-0.05079	-0.04849	-0.04448	-0.04252	
15.8882	-0.04087	-0.04262	-0.04606	-0.04754	-0.04531	-0.04133	-0.03937	
15.9731	-0.03744	-0.03923	-0.04276	-0.04434	-0.04218	-0.03822	-0.03627	
16.0581	-0.03408	-0.03591	-0.03952	-0.0412	-0.03909	-0.03516	-0.03321	
16.1431	-0.03079	-0.03265	-0.03635	-0.03811	-0.03605	-0.03213	-0.03019	
16.228	-0.02757	-0.02947	-0.03324	-0.03507	-0.03306	-0.02916	-0.02721	
16.313	-0.02443	-0.02636	-0.0302	-0.0321	-0.03012	-0.02622	-0.02428	
16.3979	-0.02137	-0.02332	-0.02722	-0.02918	-0.02723	-0.02333	-0.02139	
16.4829	-0.01838	-0.02035	-0.02431	-0.02631	-0.02439	-0.02049	-0.01854	
16.5679	-0.01546	-0.01746	-0.02147	-0.02351	-0.0216	-0.01769	-0.01573	
16.6528	-0.01263	-0.01465	-0.01869	-0.02077	-0.01886	-0.01494	-0.01297	
16.7378	-0.00988	-0.01191	-0.01599	-0.01808	-0.01617	-0.01223	-0.01025	
16.8228	-0.00353	-0.00617	-0.01179	-0.01573	-0.01535	-0.01233	-0.01065	
16.9077	0.01021	0.00756	0.0019	-0.00205	-0.00167	0.00137	0.00306	
16.9927	0.01288	0.01022	0.00454	0.00057	0.00097	0.00403	0.00574	
17.0777	0.01547	0.0128	0.0071	0.00313	0.00355	0.00664	0.00836	
17.1626	0.01798	0.0153	0.00959	0.00562	0.00607	0.0092	0.01094	
17.2476	0.02041	0.01772	0.01201	0.00805	0.00854	0.01171	0.01346	
17.3325	0.02276	0.02007	0.01436	0.01042	0.01095	0.01416	0.01594	
17.4175	0.02503	0.02234	0.01663	0.01272	0.0133	0.01656	0.01836	
17.5025	0.02722	0.02453	0.01884	0.01496	0.0156	0.01892	0.02074	
17.5874	0.02934	0.02666	0.02098	0.01715	0.01784	0.02122	0.02306	
17.6724	0.03138	0.0287	0.02305	0.01927	0.02003	0.02348	0.02535	
17.7574	0.03334	0.03068	0.02505	0.02133	0.02217	0.02569	0.02758	
17.8423	0.03524	0.03258	0.02699	0.02333	0.02426	0.02785	0.02978	
17.9273	0.03705	0.03441	0.02887	0.02528	0.0263	0.02997	0.03193	
18.0123	0.0388	0.03617	0.03068	0.02718	0.0283	0.03205	0.03404	
18.0972	0.04047	0.03786	0.03243	0.02902	0.03025	0.03409	0.03611	
18.1822	0.04208	0.03949	0.03412	0.03081	0.03215	0.03608	0.03815	
18.2671	0.04067	0.03812	0.03284	0.02966	0.03111	0.03512	0.03721	
18.3521	0.03932	0.0368	0.03162	0.02855	0.03011	0.03419	0.0363	
18.4371	0.03802	0.03553	0.03044	0.02748	0.02914	0.03328	0.03542	
18.522	0.03677	0.03432	0.0293	0.02645	0.0282	0.03241	0.03457	
18.607	0.03556	0.03314	0.02821	0.02546	0.0273	0.03156	0.03374	
